0
500  0.104998
0
1000  0.815127
0
1500  3.06629
0
2000  7.53489
0
2500  15.1967
0
3000  25.7079
0
3500  40.3214
0
4000  63.1787
0
0
500  0.104445
0
1000  0.802048
0
1500  3.06352
0
2000  7.30725
0
2500  15.8049
0
3000  25.2199
0
3500  42.1982
0
4000  61.7429
0
4500  87.4331
0
5000  120.642
0
5500  158.322
0
6000  207.166
0
6500  258.902
0
7000  332.178
0
7500  402.957
0
8000  486.456
0
8500  588.398
0
9000  699.222
0
9500  820.513
0
10000  959.559
0
10500  1112.91
0
11000  1279.89
0
11500  1700.06
0
12000  1659.31
0
12500  1872.97
